0.9805258177789031
0.9867896493246507
0.9803571428571428
0.9863095238095239


[[265   2   1   2   0   1   1]
 [  0 241   0   0   0   2   0]
 [  2   0 229   0   0   0   0]
 [  2   0   0 214   0   2   0]
 [  0   0   0   0 240   0   0]
 [  1   5   0   5   0 236   0]
 [  0   7   0   0   0   0 222]]

[[268   0   0   0   0   3   1]
 [  2 238   0   0   0   3   0]
 [  0   0 231   0   0   0   0]
 [  3   0   0 213   0   2   0]
 [  0   0   0   0 240   0   0]
 [  6   0   0   1   0 240   0]
 [  0   2   0   0   0   0 227]]